   1.3648283e+02   2.7167502e+02
   4.0941936e+01   8.3053965e+01
   4.0314653e+02   1.7938481e+02
   4.1673634e+02   2.8345946e+01
   2.1762908e+01   9.8941792e+01
   1.5556449e+02   2.1802164e+02
   3.3813752e+02   2.6614005e+02
   1.5659175e+02   1.4593159e+02
   1.6331666e+02   2.3774510e+02
   2.5123118e+02   3.1519251e+02
   2.0487056e+02   2.7797836e+02
   1.7558844e+02   1.7122823e+01
   2.6919083e+02   3.5549887e+02
   4.0368126e+02   2.1459080e+02
   3.8035688e+01   3.1138395e+02
   4.0993720e+02   2.3952037e+02
   2.4017232e+02   1.3879082e+02
   8.8723855e+01   1.9144901e+02
   1.9790891e+02   2.3690365e+02
   7.6204973e+01   2.0957529e+02
   2.9609715e+02   2.8835409e+02
   2.1490159e+02   2.3658038e+02
   2.4303522e+02   4.1022944e+02
   2.4788429e+02   2.8797959e+02
   3.0393671e+02   3.9433785e+02
   6.1314548e+01   4.3537007e+02
   8.4217886e+01   5.2851580e+01
   1.5584958e+02   2.0465867e+01
   3.2743320e+01   1.9961808e+02
   4.2629563e+02   1.9768354e+02
   2.3328541e+02   2.6727574e+02
   7.7361140e+01   5.7944222e+01
   4.0749982e+02   4.0228710e+02
   4.2594582e+02   2.0555634e+02
   2.9353978e+02   2.1345381e+02
   1.9410119e+02   3.9575064e+02
   4.6742897e+02   2.4464639e+02
   1.4824495e+02   2.4233676e+02
   1.7325079e+02   1.7975967e+02
   4.2329510e+02   3.5926435e+02
   4.4708855e+02   1.8401655e+02
   3.6981631e+01   4.3259592e+02
   4.4780853e+02   2.9055104e+02
   3.3072209e+02   2.8316702e+01
   3.3621619e+02   2.8055238e+02
   1.5819312e+02   6.6757444e+01
   6.9139933e+01   3.0908116e+02
   3.4849716e+02   4.0802701e+02
   4.3279793e+02   3.3857341e+02
   1.7380102e+02   3.9663290e+02
   3.1999556e+02   3.6926674e+02
   3.1048205e+02   3.4970415e+02
   3.3954742e+02   5.7726098e+01
   1.8331905e+02   3.5259011e+01
   4.2522906e+02   1.8181215e+02
   3.6971516e+02   3.9578055e+02
   9.3076610e+01   1.5695473e+02
   3.3386300e+02   3.7866118e+02
   1.1082076e+02   2.2374827e+02
   2.3436539e+02   2.3783979e+02
   3.7190947e+02   2.1447138e+02
   1.4094655e+02   2.1887870e+02
   1.2415841e+02   3.9895863e+02
   1.0118196e+02   4.3715445e+02
   3.1302287e+02   2.8431322e+01
   4.2469160e+02   1.9402872e+02
   2.9271734e+02   3.5825818e+02
   7.1865642e+01   2.8934225e+02
   3.9472454e+02   3.8188726e+02
   2.0354477e+02   1.1379889e+01
   3.9583474e+02   2.3152337e+02
   9.7170210e+01   3.2737520e+02
   4.9590140e+02   1.9333282e+02
   1.2459975e+01   3.0215977e+02
   3.6452364e+02   3.7264376e+02
   1.4313507e+02   1.8735155e+02
   5.1174385e+01   3.6746204e+02
   4.1996803e+02   3.0025665e+02
   5.1932724e+01   3.4024016e+02
   4.3252001e+02   4.0054404e+02
   1.9538389e+02   4.1513299e+02
   5.0528560e+02   9.1640489e+01
   2.5041836e+02   2.9220979e+01
   2.3927305e+02   1.7399108e+02
   1.3411747e+02   3.3237390e+02
   1.2846067e+02   4.1621612e+02
   5.8401151e+02   2.9160841e+02
   3.4246863e+02   3.9438221e+02
   2.1334388e+02   2.7920953e+02
   6.6251606e+01   2.4214586e+02
   3.1864364e+02   2.3267013e+02
   2.8870974e+02   2.3417039e+02
   1.6914617e+02   3.0809219e+02
   9.4555321e+01   8.1236989e+01
   4.5081749e+02   3.5806972e+02
   1.6108339e+02   3.9167570e+01
   4.9916716e+02   2.2105666e+02
   4.4727192e+02   1.5852458e+02
   1.8424639e+02   4.0675628e+02
   2.4121098e+02   3.9430819e+02
   3.8704021e+02   3.2286757e+02
   2.4089939e+02   1.0300837e+02
   3.1316957e+02   3.1500623e+02
   5.3343666e+02   1.0020857e+02
   2.9229267e+02   2.3197321e+02
   1.7331483e+02   2.1609074e+02
   7.8815397e+01   2.4973836e+02
   2.4091910e+02   3.6677226e+02
   3.3844171e+02   4.2127913e+02
   2.6384224e+02   3.4114474e+02
   6.4292254e+01   3.6820595e+02
   3.2113236e+02   3.8512063e+02
   2.7021464e+02   4.2525778e+02
   3.7701811e+02   2.1752459e+02
   4.0794687e+02   3.9177215e+02
   2.9669471e+02   2.9761840e+02
   3.3295247e+01   3.5954098e+02
   3.2066885e+02   1.7484140e+02
   1.0077107e+02   2.0827409e+02
   5.1385796e+02   3.3963617e+02
   1.0875672e+02   4.2275384e+02
   1.5624296e+02   1.8096475e+02
   1.2642871e+01   2.3903480e+02
   4.2812749e+02   4.1168941e+02
   8.9136897e+01   3.4955024e+02
   2.4706633e+02   2.5365013e+02
   7.5088330e+01   1.9483033e+02
   1.0381217e+02   3.9762355e+02
   6.6018455e+01   3.9491142e+02
   2.4230680e+02   1.9173517e+02
   8.5040982e+01   2.9928821e+02
   1.4787521e+02   3.9705565e+02
   4.9956982e+02   9.0341470e+01
   4.7882938e+02   8.3581441e+01
   4.6279611e+02   1.5321336e+02
   5.7000001e+01   1.6735328e+02
   1.1646228e+02   3.1875129e+02
   2.7617900e+02   4.3678407e+02
   2.6075511e+02   4.1215920e+02
   4.8161050e+01   1.9193759e+02
   3.2950026e+01   1.8584887e+02
   4.2363336e+02   1.6077750e+02
   2.0650716e+02   3.1595277e+02
   1.8259645e+02   3.9649098e+02
   2.4163413e+02   5.7643023e+01
   1.9721202e+02   3.6483193e+02
   7.0687269e+01   1.1455539e+02
   2.9054875e+01   1.0992971e+02
   1.1037072e+02   2.3200709e+02
   2.5979153e+02   2.6594203e+01
   2.4807858e+02   2.3732295e+02
   2.3666926e+02   4.3731771e+02
   3.3796523e+02   2.3707440e+02
   5.4564035e+02   8.8596913e+01
   4.2941685e+02   2.4108513e+02
   4.4190393e+02   3.8058870e+02
   1.6823615e+02   1.6833499e+02
   4.4813014e+02   2.0790410e+02
   1.4963380e+02   4.2258995e+02
   8.6415639e+01   4.1333832e+02
   4.4040668e+02   3.4768856e+02
   3.6210396e+02   3.1087122e+02
   3.0693034e+02   3.3096093e+02
   5.1431458e+02   2.0412076e+02
   9.9312852e+01   3.9683115e+02
   5.9960207e+01   3.0973994e+02
   3.0545020e+02   4.0948270e+02
   4.2098374e+02   1.2790262e+02
   4.5249348e+02   3.4457317e+02
   2.7708369e+02   1.6317040e+02
   2.9805007e+02   3.1470101e+02
   3.0801391e+02   4.6664055e+01
   2.4473368e+02   2.3781048e+02
   2.3425913e+01   2.9468265e+02
   1.1441433e+02   7.5501509e+01
   4.5129753e+01   3.9452650e+02
   2.8710790e+02   3.6136098e+02
   5.1241860e+02   2.0915135e+02
   1.1443510e+02   4.3522907e+02
   3.5047625e+02   3.1284994e+01
   1.9634532e+02   6.1463099e+01
   2.1458711e+02   2.2108559e+02
   1.3426444e+02   2.4162573e+02
   1.0990941e+02   3.9674728e+02
   4.7562725e+01   2.0238590e+02
   1.3406715e+01   3.4589993e+02
   4.7534325e+02   2.7238349e+02
   5.1910088e+02   9.6917959e+01
   4.6792306e+02   3.7956443e+02
   4.1228335e+02   4.3204570e+01
   1.6850954e+02   3.0231278e+02
   3.9430368e+01   3.4959004e+02
   2.5322494e+02   9.9844750e+01
   4.1131044e+02   3.3985016e+02
   1.2889361e+02   4.0775909e+02
   2.5842325e+02   3.5728864e+02
   4.5848500e+02   2.0151218e+02
   1.9608908e+02   3.8234737e+02
   7.8674218e+01   4.1083794e+02
   3.7336002e+02   4.0871471e+02
   6.8853846e+01   3.2398679e+02
   2.5918168e+02   3.3916858e+02
   1.8951012e+02   4.3646826e+02
   1.1780411e+02   3.4968840e+02
   3.8117286e+02   3.6596178e+02
   3.9671000e+02   6.5278439e+01
   3.4020340e+02   1.0217286e+02
