   2.2126926e+02   2.7724611e+02
   1.2786902e+02   9.4630904e+01
   4.8839547e+02   1.8366930e+02
   5.0275145e+02   3.0587636e+01
   1.1047158e+02   1.0966219e+02
   2.3964670e+02   2.2411266e+02
   4.2231261e+02   2.7210902e+02
   2.4117613e+02   1.1819001e+02
   2.4743127e+02   2.4354132e+02
   3.3533823e+02   3.2118358e+02
   2.8833666e+02   2.8366508e+02
   2.5859489e+02   2.5203102e+01
   3.5248465e+02   3.6189331e+02
   4.8872240e+02   2.1974225e+02
   1.2662506e+02   3.1569031e+02
   4.9477896e+02   2.4498494e+02
   3.2320351e+02   1.4463399e+02
   1.7480552e+02   1.9845854e+02
   2.8169185e+02   2.4263660e+02
   1.6247215e+02   2.1639629e+02
   3.8017740e+02   2.9476350e+02
   2.9794355e+02   2.4271657e+02
   3.2723945e+02   4.1607792e+02
   3.3123628e+02   2.9442711e+02
   3.8766727e+02   4.0101567e+02
   1.2380331e+02   4.3669071e+02
   1.6937670e+02   6.3334963e+01
   2.3464552e+02   3.1068291e+01
   1.2092944e+02   2.0780039e+02
   5.1308900e+02   2.0255053e+02
   3.1660601e+02   2.7292153e+02
   1.6326305e+02   6.7878697e+01
   4.9445162e+02   4.1129382e+02
   5.1294269e+02   2.1038975e+02
   3.7679069e+02   2.1895007e+02
   2.7830992e+02   4.0061326e+02
   5.5642521e+02   2.5022897e+02
   2.3292996e+02   2.4827148e+02
   2.5700550e+02   1.8618610e+02
   5.1031835e+02   3.6723632e+02
   5.3425171e+02   1.8810058e+02
   8.5837057e+01   4.3399280e+02
   5.3575439e+02   2.9749541e+02
   4.1292721e+02   3.2443317e+01
   4.2058063e+02   2.8531172e+02
   2.4180814e+02   7.4974415e+01
   1.5514120e+02   3.1465825e+02
   4.3391363e+02   4.1504721e+02
   5.2055692e+02   3.4681987e+02
   2.5874954e+02   4.0127768e+02
   4.0385758e+02   3.7688681e+02
   3.9401423e+02   3.5624263e+02
   4.2242071e+02   6.1523756e+01
   2.6548132e+02   4.3983650e+01
   5.1168513e+02   1.8561427e+02
   4.5561133e+02   4.0323994e+02
   1.7905634e+02   1.6446975e+02
   4.1770272e+02   3.8513704e+02
   1.9607478e+02   2.3000980e+02
   3.1734214e+02   2.4389334e+02
   4.5686877e+02   2.1908759e+02
   2.2555809e+02   2.2575774e+02
   2.0942616e+02   4.0289064e+02
   2.6845411e+01   4.3727253e+02
   3.9574271e+02   3.2802799e+01
   5.1096099e+02   1.9890074e+02
   3.7668353e+02   3.6424250e+02
   1.5787316e+02   2.9460523e+02
   4.8074800e+02   3.8997218e+02
   2.8449368e+02   2.0595735e+01
   4.8093332e+02   2.3661890e+02
   1.8219128e+02   3.3244994e+02
   4.6174647e+02   2.2231087e+02
   2.6003390e+01   3.0500516e+02
   4.4938105e+02   3.8057139e+02
   2.2748323e+02   1.9481716e+02
   1.3814336e+02   3.7044064e+02
   5.0672216e+02   3.0765598e+02
   1.3967535e+02   3.4425408e+02
   5.2014141e+02   4.1027337e+02
   2.7947695e+02   4.2034278e+02
   5.7885658e+02   8.6933086e+01
   3.3258655e+02   3.5069427e+01
   3.2283828e+02   1.7982566e+02
   2.2058641e+02   3.3708343e+02
   2.1367787e+02   4.2054729e+02
   5.8952358e+02   2.2539898e+02
   4.2709954e+02   4.0301945e+02
   2.9656278e+02   2.8544446e+02
   1.5399175e+02   2.4830201e+02
   4.0225103e+02   2.3702390e+02
   3.7192703e+02   2.3951499e+02
   2.5305231e+02   3.1394270e+02
   1.7948402e+02   9.0930335e+01
   5.3867866e+02   3.6688491e+02
   2.4471984e+02   4.7668825e+01
   5.8592119e+02   1.9758280e+02
   5.3301695e+02   1.6262576e+02
   2.6821803e+02   4.1264244e+02
   3.2422029e+02   4.0000573e+02
   4.7220737e+02   3.2942756e+02
   3.2276634e+02   1.0891085e+02
   3.9701442e+02   3.2133336e+02
   5.8414726e+02   8.7662611e+01
   3.4516523e+02   2.3865429e+02
   2.5657093e+02   2.2136771e+02
   1.6441932e+02   2.5654588e+02
   3.2462826e+02   3.7215604e+02
   4.2392880e+02   4.2890848e+02
   3.4836350e+02   3.4803165e+02
   1.5155930e+02   3.7149080e+02
   4.0551345e+02   3.9192158e+02
   3.5425371e+02   4.3161593e+02
   4.3260982e+02   2.2115601e+02
   4.9421425e+02   4.0009787e+02
   3.8192764e+02   3.0357261e+02
   1.2184589e+02   3.6267797e+02
   4.0406284e+02   1.7835362e+02
   1.8629038e+02   2.1573729e+02
   5.8679484e+02   3.4814586e+02
   1.9493986e+02   4.2642619e+02
   2.4020787e+02   1.8817530e+02
   1.0176787e+02   2.4655736e+02
   5.1537915e+02   4.2192249e+02
   1.7569278e+02   3.5385279e+02
   3.3048270e+02   2.5969423e+02
   1.6281827e+02   1.9940007e+02
   1.9022666e+02   4.0102785e+02
   1.5337009e+02   3.9761717e+02
   3.2653658e+02   1.6118682e+02
   1.4736751e+02   2.8552522e+02
   2.3137386e+02   4.0185588e+02
   5.0800409e+02   3.0710230e+01
   5.6692405e+02   8.3482057e+01
   5.5075131e+02   1.5658119e+02
   1.4412224e+02   1.7564351e+02
   2.0111803e+02   3.2390370e+02
   2.0859069e+02   4.3630307e+02
   3.4397844e+02   4.1947915e+02
   1.3645035e+02   1.9898584e+02
   1.2018580e+02   1.9309022e+02
   5.0921595e+02   1.6550181e+02
   2.9053159e+02   3.2057784e+02
   2.6560834e+02   4.0163992e+02
   3.2312257e+02   6.3851302e+01
   2.8126914e+02   3.7031602e+02
   1.5795016e+02   1.2303207e+02
   1.1147721e+02   1.2403785e+02
   1.9475801e+02   2.4173290e+02
   3.4212739e+02   3.2720668e+01
   3.3106823e+02   2.4210026e+02
   1.9768796e+02   4.3622695e+02
   4.2023074e+02   2.4290702e+02
   5.8835343e+02   7.1022859e+01
   5.1661436e+02   2.4797474e+02
   5.2973724e+02   3.8994948e+02
   2.5124208e+02   1.7563282e+02
   5.3638512e+02   2.2399827e+02
   2.3527174e+02   4.2620593e+02
   1.7324738e+02   4.1712548e+02
   5.2757756e+02   3.5500255e+02
   4.4734142e+02   3.1795619e+02
   3.9023248e+02   3.3682872e+02
   5.1649171e+02   2.4444484e+02
   1.8555217e+02   4.0032791e+02
   1.4738110e+02   3.1521007e+02
   3.8916317e+02   4.1806130e+02
   5.0694303e+02   1.3057417e+02
   5.4139167e+02   3.5436395e+02
   3.5969311e+02   1.6868167e+02
   3.8219888e+02   3.2110499e+02
   3.9010038e+02   5.1157149e+01
   3.2814200e+02   2.4299927e+02
   1.0773019e+02   3.0176067e+02
   1.9976123e+02   8.3838065e+01
   1.3344356e+02   3.9734081e+02
   2.1158273e+02   3.6112730e+02
   5.2126018e+02   2.4316740e+02
   3.3782214e+01   4.3492779e+02
   4.3332797e+02   3.4575300e+01
   2.8052611e+02   6.8617569e+01
   2.9802510e+02   2.2862521e+02
   2.1870886e+02   2.4751358e+02
   1.9579698e+02   4.0142650e+02
   1.3456447e+02   2.1040357e+02
   1.0318820e+02   3.4865660e+02
   5.6461615e+02   2.7959829e+02
   5.7119630e+02   8.3903374e+01
   5.5530110e+02   3.8988600e+02
   4.9605749e+02   4.4420797e+01
   2.5163769e+02   3.0814856e+02
   1.2779103e+02   3.5356036e+02
   3.3828055e+02   1.0554605e+02
   4.9927289e+02   3.4607783e+02
   2.1411012e+02   4.1265837e+02
   3.4092893e+02   3.6384425e+02
   5.2487622e+02   1.7849855e+02
   2.7989915e+02   3.8720023e+02
   1.6483840e+02   4.1379867e+02
   4.5942764e+02   4.1792119e+02
   1.5502885e+02   3.2854400e+02
   3.2776464e+02   3.5774861e+02
   1.0217101e+02   4.3525468e+02
   1.9940312e+02   3.5449391e+02
   4.6741678e+02   3.7337866e+02
   4.8122871e+02   6.7837363e+01
   4.2301317e+02   1.0749148e+02
